test_type,clients,jobs,version,run_number,scaling_factor,num_clients,num_threads,duration,transactions_processed,failed_transactions,latency_avg,initial_connection_time,tps,transaction_type
listen_common,32,32,master,6,1,32,32,3,834409,0,0.115,6.773,277913.169059,listen_common.sql
