test_type,clients,jobs,version,run_number,scaling_factor,num_clients,num_threads,duration,transactions_processed,failed_transactions,latency_avg,initial_connection_time,tps,transaction_type
listen_notify_common,32,32,master,3,1,32,32,3,72731,0,1.328,7.032,24090.020516,listen_notify_common.sql
