test_type,clients,jobs,version,run_number,scaling_factor,num_clients,num_threads,duration,transactions_processed,failed_transactions,latency_avg,initial_connection_time,tps,transaction_type
listen_unlisten_unique,1000,1,master,4,1,1000,1,3,185553,0,12.539,863.131,79751.521401,listen_unlisten_unique.sql
